,buy_z,sell_z,exit_z,pnl
0,0.5,0.5,0.0,1666.5
1,0.5,0.5,0.1,1553.0
2,0.5,0.5,0.2,1714.5
3,0.5,0.5,0.30000000000000004,1704.0
4,0.5,0.5,0.4,1766.0
5,0.5,0.5,0.5,1791.5
6,0.5,0.5,0.6000000000000001,2171.5
7,0.5,0.5,0.7000000000000001,1885.5
8,0.5,0.5,0.8,1551.0
9,0.5,0.5,0.9,1349.5
10,0.5,0.5,1.0,1320.0
11,0.5,0.7,0.0,1722.0
12,0.5,0.7,0.1,1480.0
13,0.5,0.7,0.2,1633.0
14,0.5,0.7,0.30000000000000004,1718.5
15,0.5,0.7,0.4,1704.0
16,0.5,0.7,0.5,1789.5
17,0.5,0.7,0.6000000000000001,2129.5
18,0.5,0.7,0.7000000000000001,1905.0
19,0.5,0.7,0.8,1588.0
20,0.5,0.7,0.9,1426.0
21,0.5,0.7,1.0,1294.0
22,0.5,0.9,0.0,1623.0
23,0.5,0.9,0.1,1432.5
24,0.5,0.9,0.2,1571.5
25,0.5,0.9,0.30000000000000004,1551.5
26,0.5,0.9,0.4,1433.0
27,0.5,0.9,0.5,1627.5
28,0.5,0.9,0.6000000000000001,1841.0
29,0.5,0.9,0.7000000000000001,1531.0
30,0.5,0.9,0.8,1246.0
31,0.5,0.9,0.9,1168.5
32,0.5,0.9,1.0,1110.0
33,0.5,1.1,0.0,1468.5
34,0.5,1.1,0.1,1303.0
35,0.5,1.1,0.2,1472.5
36,0.5,1.1,0.30000000000000004,1458.5
37,0.5,1.1,0.4,1332.0
38,0.5,1.1,0.5,1334.5
39,0.5,1.1,0.6000000000000001,1532.0
40,0.5,1.1,0.7000000000000001,1307.5
41,0.5,1.1,0.8,1013.5
42,0.5,1.1,0.9,904.0
43,0.5,1.1,1.0,949.5
44,0.5,1.3,0.0,1564.5
45,0.5,1.3,0.1,1297.0
46,0.5,1.3,0.2,1464.0
47,0.5,1.3,0.30000000000000004,1450.0
48,0.5,1.3,0.4,1351.0
49,0.5,1.3,0.5,1361.5
50,0.5,1.3,0.6000000000000001,1595.5
51,0.5,1.3,0.7000000000000001,1216.0
52,0.5,1.3,0.8,947.0
53,0.5,1.3,0.9,860.5
54,0.5,1.3,1.0,980.5
55,0.5,1.5,0.0,1572.5
56,0.5,1.5,0.1,1312.0
57,0.5,1.5,0.2,1521.0
58,0.5,1.5,0.30000000000000004,1507.0
59,0.5,1.5,0.4,1408.0
60,0.5,1.5,0.5,1418.5
61,0.5,1.5,0.6000000000000001,1522.0
62,0.5,1.5,0.7000000000000001,1158.5
63,0.5,1.5,0.8,924.5
64,0.5,1.5,0.9,816.0
65,0.5,1.5,1.0,789.5
66,0.5,1.7000000000000002,0.0,1617.0
67,0.5,1.7000000000000002,0.1,1345.0
68,0.5,1.7000000000000002,0.2,1517.5
69,0.5,1.7000000000000002,0.30000000000000004,1503.5
70,0.5,1.7000000000000002,0.4,1404.5
71,0.5,1.7000000000000002,0.5,1415.0
72,0.5,1.7000000000000002,0.6000000000000001,1518.5
73,0.5,1.7000000000000002,0.7000000000000001,1155.0
74,0.5,1.7000000000000002,0.8,921.0
75,0.5,1.7000000000000002,0.9,753.5
76,0.5,1.7000000000000002,1.0,698.5
77,0.5,1.9000000000000001,0.0,845.5
78,0.5,1.9000000000000001,0.1,1047.0
79,0.5,1.9000000000000001,0.2,1133.5
80,0.5,1.9000000000000001,0.30000000000000004,1146.0
81,0.5,1.9000000000000001,0.4,1095.0
82,0.5,1.9000000000000001,0.5,1105.0
83,0.5,1.9000000000000001,0.6000000000000001,1223.0
84,0.5,1.9000000000000001,0.7000000000000001,1035.5
85,0.5,1.9000000000000001,0.8,802.5
86,0.5,1.9000000000000001,0.9,634.0
87,0.5,1.9000000000000001,1.0,539.0
88,0.5,2.1,0.0,86.5
89,0.5,2.1,0.1,718.5
90,0.5,2.1,0.2,732.5
91,0.5,2.1,0.30000000000000004,781.0
92,0.5,2.1,0.4,760.0
93,0.5,2.1,0.5,819.0
94,0.5,2.1,0.6000000000000001,1009.5
95,0.5,2.1,0.7000000000000001,840.5
96,0.5,2.1,0.8,623.0
97,0.5,2.1,0.9,529.5
98,0.5,2.1,1.0,508.0
99,0.5,2.3,0.0,-51.5
100,0.5,2.3,0.1,655.0
101,0.5,2.3,0.2,661.0
102,0.5,2.3,0.30000000000000004,717.5
103,0.5,2.3,0.4,733.5
104,0.5,2.3,0.5,791.5
105,0.5,2.3,0.6000000000000001,967.0
106,0.5,2.3,0.7000000000000001,800.0
107,0.5,2.3,0.8,594.5
108,0.5,2.3,0.9,492.0
109,0.5,2.3,1.0,448.5
110,0.5,2.5,0.0,-570.5
111,0.5,2.5,0.1,425.0
112,0.5,2.5,0.2,452.5
113,0.5,2.5,0.30000000000000004,516.5
114,0.5,2.5,0.4,532.5
115,0.5,2.5,0.5,609.5
116,0.5,2.5,0.6000000000000001,746.0
117,0.5,2.5,0.7000000000000001,589.5
118,0.5,2.5,0.8,399.5
119,0.5,2.5,0.9,313.5
120,0.5,2.5,1.0,310.0
121,0.7,0.5,0.0,1885.0
122,0.7,0.5,0.1,1865.0
123,0.7,0.5,0.2,1945.5
124,0.7,0.5,0.30000000000000004,1822.0
125,0.7,0.5,0.4,1838.5
126,0.7,0.5,0.5,1725.0
127,0.7,0.5,0.6000000000000001,2064.5
128,0.7,0.5,0.7000000000000001,1838.0
129,0.7,0.5,0.8,1691.0
130,0.7,0.5,0.9,1502.0
131,0.7,0.5,1.0,1412.0
132,0.7,0.7,0.0,1723.0
133,0.7,0.7,0.1,1792.0
134,0.7,0.7,0.2,1864.0
135,0.7,0.7,0.30000000000000004,1836.5
136,0.7,0.7,0.4,1776.5
137,0.7,0.7,0.5,1723.0
138,0.7,0.7,0.6000000000000001,2022.5
139,0.7,0.7,0.7000000000000001,1857.5
140,0.7,0.7,0.8,1728.0
141,0.7,0.7,0.9,1578.5
142,0.7,0.7,1.0,1386.0
143,0.7,0.9,0.0,1659.5
144,0.7,0.9,0.1,1744.5
145,0.7,0.9,0.2,1802.5
146,0.7,0.9,0.30000000000000004,1669.5
147,0.7,0.9,0.4,1505.5
148,0.7,0.9,0.5,1561.0
149,0.7,0.9,0.6000000000000001,1734.0
150,0.7,0.9,0.7000000000000001,1483.5
151,0.7,0.9,0.8,1386.0
152,0.7,0.9,0.9,1321.0
153,0.7,0.9,1.0,1202.0
154,0.7,1.1,0.0,1478.0
155,0.7,1.1,0.1,1615.0
156,0.7,1.1,0.2,1703.5
157,0.7,1.1,0.30000000000000004,1576.5
158,0.7,1.1,0.4,1404.5
159,0.7,1.1,0.5,1268.0
160,0.7,1.1,0.6000000000000001,1425.0
161,0.7,1.1,0.7000000000000001,1260.0
162,0.7,1.1,0.8,1153.5
163,0.7,1.1,0.9,1056.5
164,0.7,1.1,1.0,1041.5
165,0.7,1.3,0.0,1574.0
166,0.7,1.3,0.1,1609.0
167,0.7,1.3,0.2,1695.0
168,0.7,1.3,0.30000000000000004,1568.0
169,0.7,1.3,0.4,1423.5
170,0.7,1.3,0.5,1295.0
171,0.7,1.3,0.6000000000000001,1488.5
172,0.7,1.3,0.7000000000000001,1168.5
173,0.7,1.3,0.8,1087.0
174,0.7,1.3,0.9,1013.0
175,0.7,1.3,1.0,1072.5
176,0.7,1.5,0.0,1582.0
177,0.7,1.5,0.1,1624.0
178,0.7,1.5,0.2,1752.0
179,0.7,1.5,0.30000000000000004,1625.0
180,0.7,1.5,0.4,1480.5
181,0.7,1.5,0.5,1352.0
182,0.7,1.5,0.6000000000000001,1415.0
183,0.7,1.5,0.7000000000000001,1111.0
184,0.7,1.5,0.8,1064.5
185,0.7,1.5,0.9,968.5
186,0.7,1.5,1.0,881.5
187,0.7,1.7000000000000002,0.0,1626.5
188,0.7,1.7000000000000002,0.1,1657.0
189,0.7,1.7000000000000002,0.2,1748.5
190,0.7,1.7000000000000002,0.30000000000000004,1621.5
191,0.7,1.7000000000000002,0.4,1477.0
192,0.7,1.7000000000000002,0.5,1348.5
193,0.7,1.7000000000000002,0.6000000000000001,1411.5
194,0.7,1.7000000000000002,0.7000000000000001,1107.5
195,0.7,1.7000000000000002,0.8,1061.0
196,0.7,1.7000000000000002,0.9,906.0
197,0.7,1.7000000000000002,1.0,790.5
198,0.7,1.9000000000000001,0.0,825.0
199,0.7,1.9000000000000001,0.1,1359.0
200,0.7,1.9000000000000001,0.2,1364.5
201,0.7,1.9000000000000001,0.30000000000000004,1264.0
202,0.7,1.9000000000000001,0.4,1167.5
203,0.7,1.9000000000000001,0.5,1038.5
204,0.7,1.9000000000000001,0.6000000000000001,1116.0
205,0.7,1.9000000000000001,0.7000000000000001,988.0
206,0.7,1.9000000000000001,0.8,942.5
207,0.7,1.9000000000000001,0.9,786.5
208,0.7,1.9000000000000001,1.0,631.0
209,0.7,2.1,0.0,37.5
210,0.7,2.1,0.1,1030.5
211,0.7,2.1,0.2,963.5
212,0.7,2.1,0.30000000000000004,899.0
213,0.7,2.1,0.4,832.5
214,0.7,2.1,0.5,752.5
215,0.7,2.1,0.6000000000000001,902.5
216,0.7,2.1,0.7000000000000001,793.0
217,0.7,2.1,0.8,763.0
218,0.7,2.1,0.9,682.0
219,0.7,2.1,1.0,600.0
220,0.7,2.3,0.0,-100.5
221,0.7,2.3,0.1,967.0
222,0.7,2.3,0.2,892.0
223,0.7,2.3,0.30000000000000004,835.5
224,0.7,2.3,0.4,806.0
225,0.7,2.3,0.5,725.0
226,0.7,2.3,0.6000000000000001,860.0
227,0.7,2.3,0.7000000000000001,752.5
228,0.7,2.3,0.8,734.5
229,0.7,2.3,0.9,644.5
230,0.7,2.3,1.0,540.5
231,0.7,2.5,0.0,-561.0
232,0.7,2.5,0.1,737.0
233,0.7,2.5,0.2,683.5
234,0.7,2.5,0.30000000000000004,634.5
235,0.7,2.5,0.4,605.0
236,0.7,2.5,0.5,543.0
237,0.7,2.5,0.6000000000000001,639.0
238,0.7,2.5,0.7000000000000001,542.0
239,0.7,2.5,0.8,539.5
240,0.7,2.5,0.9,466.0
241,0.7,2.5,1.0,402.0
242,0.9,0.5,0.0,1693.5
243,0.9,0.5,0.1,1524.0
244,0.9,0.5,0.2,1674.0
245,0.9,0.5,0.30000000000000004,1539.0
246,0.9,0.5,0.4,1678.5
247,0.9,0.5,0.5,1593.0
248,0.9,0.5,0.6000000000000001,1773.0
249,0.9,0.5,0.7000000000000001,1571.0
250,0.9,0.5,0.8,1381.5
251,0.9,0.5,0.9,1205.0
252,0.9,0.5,1.0,1192.5
253,0.9,0.7,0.0,1715.0
254,0.9,0.7,0.1,1451.0
255,0.9,0.7,0.2,1592.5
256,0.9,0.7,0.30000000000000004,1553.5
257,0.9,0.7,0.4,1616.5
258,0.9,0.7,0.5,1591.0
259,0.9,0.7,0.6000000000000001,1731.0
260,0.9,0.7,0.7000000000000001,1590.5
261,0.9,0.7,0.8,1418.5
262,0.9,0.7,0.9,1281.5
263,0.9,0.7,1.0,1166.5
264,0.9,0.9,0.0,1754.0
265,0.9,0.9,0.1,1403.5
266,0.9,0.9,0.2,1531.0
267,0.9,0.9,0.30000000000000004,1386.5
268,0.9,0.9,0.4,1345.5
269,0.9,0.9,0.5,1429.0
270,0.9,0.9,0.6000000000000001,1442.5
271,0.9,0.9,0.7000000000000001,1216.5
272,0.9,0.9,0.8,1076.5
273,0.9,0.9,0.9,1024.0
274,0.9,0.9,1.0,982.5
275,0.9,1.1,0.0,1496.0
276,0.9,1.1,0.1,1274.0
277,0.9,1.1,0.2,1432.0
278,0.9,1.1,0.30000000000000004,1293.5
279,0.9,1.1,0.4,1244.5
280,0.9,1.1,0.5,1136.0
281,0.9,1.1,0.6000000000000001,1133.5
282,0.9,1.1,0.7000000000000001,993.0
283,0.9,1.1,0.8,844.0
284,0.9,1.1,0.9,759.5
285,0.9,1.1,1.0,822.0
286,0.9,1.3,0.0,1571.5
287,0.9,1.3,0.1,1268.0
288,0.9,1.3,0.2,1423.5
289,0.9,1.3,0.30000000000000004,1285.0
290,0.9,1.3,0.4,1263.5
291,0.9,1.3,0.5,1163.0
292,0.9,1.3,0.6000000000000001,1197.0
293,0.9,1.3,0.7000000000000001,901.5
294,0.9,1.3,0.8,777.5
295,0.9,1.3,0.9,716.0
296,0.9,1.3,1.0,853.0
297,0.9,1.5,0.0,1546.5
298,0.9,1.5,0.1,1283.0
299,0.9,1.5,0.2,1480.5
300,0.9,1.5,0.30000000000000004,1342.0
301,0.9,1.5,0.4,1320.5
302,0.9,1.5,0.5,1220.0
303,0.9,1.5,0.6000000000000001,1123.5
304,0.9,1.5,0.7000000000000001,844.0
305,0.9,1.5,0.8,755.0
306,0.9,1.5,0.9,671.5
307,0.9,1.5,1.0,662.0
308,0.9,1.7000000000000002,0.0,1592.5
309,0.9,1.7000000000000002,0.1,1316.0
310,0.9,1.7000000000000002,0.2,1477.0
311,0.9,1.7000000000000002,0.30000000000000004,1338.5
312,0.9,1.7000000000000002,0.4,1317.0
313,0.9,1.7000000000000002,0.5,1216.5
314,0.9,1.7000000000000002,0.6000000000000001,1120.0
315,0.9,1.7000000000000002,0.7000000000000001,840.5
316,0.9,1.7000000000000002,0.8,751.5
317,0.9,1.7000000000000002,0.9,609.0
318,0.9,1.7000000000000002,1.0,571.0
319,0.9,1.9000000000000001,0.0,1163.0
320,0.9,1.9000000000000001,0.1,1018.0
321,0.9,1.9000000000000001,0.2,1093.0
322,0.9,1.9000000000000001,0.30000000000000004,981.0
323,0.9,1.9000000000000001,0.4,1007.5
324,0.9,1.9000000000000001,0.5,906.5
325,0.9,1.9000000000000001,0.6000000000000001,824.5
326,0.9,1.9000000000000001,0.7000000000000001,721.0
327,0.9,1.9000000000000001,0.8,633.0
328,0.9,1.9000000000000001,0.9,489.5
329,0.9,1.9000000000000001,1.0,411.5
330,0.9,2.1,0.0,94.5
331,0.9,2.1,0.1,689.5
332,0.9,2.1,0.2,692.0
333,0.9,2.1,0.30000000000000004,616.0
334,0.9,2.1,0.4,672.5
335,0.9,2.1,0.5,620.5
336,0.9,2.1,0.6000000000000001,611.0
337,0.9,2.1,0.7000000000000001,526.0
338,0.9,2.1,0.8,453.5
339,0.9,2.1,0.9,385.0
340,0.9,2.1,1.0,380.5
341,0.9,2.3,0.0,-43.5
342,0.9,2.3,0.1,626.0
343,0.9,2.3,0.2,620.5
344,0.9,2.3,0.30000000000000004,552.5
345,0.9,2.3,0.4,646.0
346,0.9,2.3,0.5,593.0
347,0.9,2.3,0.6000000000000001,568.5
348,0.9,2.3,0.7000000000000001,485.5
349,0.9,2.3,0.8,425.0
350,0.9,2.3,0.9,347.5
351,0.9,2.3,1.0,321.0
352,0.9,2.5,0.0,-531.0
353,0.9,2.5,0.1,396.0
354,0.9,2.5,0.2,412.0
355,0.9,2.5,0.30000000000000004,351.5
356,0.9,2.5,0.4,445.0
357,0.9,2.5,0.5,411.0
358,0.9,2.5,0.6000000000000001,347.5
359,0.9,2.5,0.7000000000000001,275.0
360,0.9,2.5,0.8,230.0
361,0.9,2.5,0.9,169.0
362,0.9,2.5,1.0,182.5
363,1.1,0.5,0.0,1252.5
364,1.1,0.5,0.1,1353.5
365,1.1,0.5,0.2,1490.0
366,1.1,0.5,0.30000000000000004,1384.5
367,1.1,0.5,0.4,1426.5
368,1.1,0.5,0.5,1355.0
369,1.1,0.5,0.6000000000000001,1669.5
370,1.1,0.5,0.7000000000000001,1535.5
371,1.1,0.5,0.8,1303.0
372,1.1,0.5,0.9,1215.5
373,1.1,0.5,1.0,1190.5
374,1.1,0.7,0.0,1196.5
375,1.1,0.7,0.1,1280.5
376,1.1,0.7,0.2,1408.5
377,1.1,0.7,0.30000000000000004,1399.0
378,1.1,0.7,0.4,1364.5
379,1.1,0.7,0.5,1353.0
380,1.1,0.7,0.6000000000000001,1627.5
381,1.1,0.7,0.7000000000000001,1555.0
382,1.1,0.7,0.8,1340.0
383,1.1,0.7,0.9,1292.0
384,1.1,0.7,1.0,1164.5
385,1.1,0.9,0.0,1333.0
386,1.1,0.9,0.1,1233.0
387,1.1,0.9,0.2,1347.0
388,1.1,0.9,0.30000000000000004,1232.0
389,1.1,0.9,0.4,1093.5
390,1.1,0.9,0.5,1191.0
391,1.1,0.9,0.6000000000000001,1339.0
392,1.1,0.9,0.7000000000000001,1181.0
393,1.1,0.9,0.8,998.0
394,1.1,0.9,0.9,1034.5
395,1.1,0.9,1.0,980.5
396,1.1,1.1,0.0,1059.0
397,1.1,1.1,0.1,1103.5
398,1.1,1.1,0.2,1248.0
399,1.1,1.1,0.30000000000000004,1139.0
400,1.1,1.1,0.4,992.5
401,1.1,1.1,0.5,898.0
402,1.1,1.1,0.6000000000000001,1030.0
403,1.1,1.1,0.7000000000000001,957.5
404,1.1,1.1,0.8,765.5
405,1.1,1.1,0.9,770.0
406,1.1,1.1,1.0,820.0
407,1.1,1.3,0.0,1142.0
408,1.1,1.3,0.1,1097.5
409,1.1,1.3,0.2,1239.5
410,1.1,1.3,0.30000000000000004,1130.5
411,1.1,1.3,0.4,1011.5
412,1.1,1.3,0.5,925.0
413,1.1,1.3,0.6000000000000001,1093.5
414,1.1,1.3,0.7000000000000001,866.0
415,1.1,1.3,0.8,699.0
416,1.1,1.3,0.9,726.5
417,1.1,1.3,1.0,851.0
418,1.1,1.5,0.0,1114.5
419,1.1,1.5,0.1,1112.5
420,1.1,1.5,0.2,1296.5
421,1.1,1.5,0.30000000000000004,1187.5
422,1.1,1.5,0.4,1068.5
423,1.1,1.5,0.5,982.0
424,1.1,1.5,0.6000000000000001,1020.0
425,1.1,1.5,0.7000000000000001,808.5
426,1.1,1.5,0.8,676.5
427,1.1,1.5,0.9,682.0
428,1.1,1.5,1.0,660.0
429,1.1,1.7000000000000002,0.0,1154.5
430,1.1,1.7000000000000002,0.1,1145.5
431,1.1,1.7000000000000002,0.2,1293.0
432,1.1,1.7000000000000002,0.30000000000000004,1184.0
433,1.1,1.7000000000000002,0.4,1065.0
434,1.1,1.7000000000000002,0.5,978.5
435,1.1,1.7000000000000002,0.6000000000000001,1016.5
436,1.1,1.7000000000000002,0.7000000000000001,805.0
437,1.1,1.7000000000000002,0.8,673.0
438,1.1,1.7000000000000002,0.9,619.5
439,1.1,1.7000000000000002,1.0,569.0
440,1.1,1.9000000000000001,0.0,885.0
441,1.1,1.9000000000000001,0.1,847.5
442,1.1,1.9000000000000001,0.2,909.0
443,1.1,1.9000000000000001,0.30000000000000004,826.5
444,1.1,1.9000000000000001,0.4,755.5
445,1.1,1.9000000000000001,0.5,668.5
446,1.1,1.9000000000000001,0.6000000000000001,721.0
447,1.1,1.9000000000000001,0.7000000000000001,685.5
448,1.1,1.9000000000000001,0.8,554.5
449,1.1,1.9000000000000001,0.9,500.0
450,1.1,1.9000000000000001,1.0,409.5
451,1.1,2.1,0.0,-66.5
452,1.1,2.1,0.1,519.0
453,1.1,2.1,0.2,508.0
454,1.1,2.1,0.30000000000000004,461.5
455,1.1,2.1,0.4,420.5
456,1.1,2.1,0.5,382.5
457,1.1,2.1,0.6000000000000001,507.5
458,1.1,2.1,0.7000000000000001,490.5
459,1.1,2.1,0.8,375.0
460,1.1,2.1,0.9,395.5
461,1.1,2.1,1.0,378.5
462,1.1,2.3,0.0,-207.0
463,1.1,2.3,0.1,455.5
464,1.1,2.3,0.2,436.5
465,1.1,2.3,0.30000000000000004,398.0
466,1.1,2.3,0.4,394.0
467,1.1,2.3,0.5,355.0
468,1.1,2.3,0.6000000000000001,465.0
469,1.1,2.3,0.7000000000000001,450.0
470,1.1,2.3,0.8,346.5
471,1.1,2.3,0.9,358.0
472,1.1,2.3,1.0,319.0
473,1.1,2.5,0.0,-471.0
474,1.1,2.5,0.1,225.5
475,1.1,2.5,0.2,228.0
476,1.1,2.5,0.30000000000000004,197.0
477,1.1,2.5,0.4,193.0
478,1.1,2.5,0.5,173.0
479,1.1,2.5,0.6000000000000001,244.0
480,1.1,2.5,0.7000000000000001,239.5
481,1.1,2.5,0.8,151.5
482,1.1,2.5,0.9,179.5
483,1.1,2.5,1.0,180.5
484,1.3,0.5,0.0,1202.0
485,1.3,0.5,0.1,1412.5
486,1.3,0.5,0.2,1553.0
487,1.3,0.5,0.30000000000000004,1441.5
488,1.3,0.5,0.4,1483.0
489,1.3,0.5,0.5,1328.5
490,1.3,0.5,0.6000000000000001,1589.5
491,1.3,0.5,0.7000000000000001,1496.5
492,1.3,0.5,0.8,1271.5
493,1.3,0.5,0.9,1180.0
494,1.3,0.5,1.0,1174.5
495,1.3,0.7,0.0,1370.5
496,1.3,0.7,0.1,1339.5
497,1.3,0.7,0.2,1471.5
498,1.3,0.7,0.30000000000000004,1456.0
499,1.3,0.7,0.4,1421.0
500,1.3,0.7,0.5,1326.5
501,1.3,0.7,0.6000000000000001,1547.5
502,1.3,0.7,0.7000000000000001,1516.0
503,1.3,0.7,0.8,1308.5
504,1.3,0.7,0.9,1256.5
505,1.3,0.7,1.0,1148.5
506,1.3,0.9,0.0,1507.0
507,1.3,0.9,0.1,1292.0
508,1.3,0.9,0.2,1410.0
509,1.3,0.9,0.30000000000000004,1289.0
510,1.3,0.9,0.4,1150.0
511,1.3,0.9,0.5,1164.5
512,1.3,0.9,0.6000000000000001,1259.0
513,1.3,0.9,0.7000000000000001,1142.0
514,1.3,0.9,0.8,966.5
515,1.3,0.9,0.9,999.0
516,1.3,0.9,1.0,964.5
517,1.3,1.1,0.0,1202.0
518,1.3,1.1,0.1,1162.5
519,1.3,1.1,0.2,1311.0
520,1.3,1.1,0.30000000000000004,1196.0
521,1.3,1.1,0.4,1049.0
522,1.3,1.1,0.5,871.5
523,1.3,1.1,0.6000000000000001,950.0
524,1.3,1.1,0.7000000000000001,918.5
525,1.3,1.1,0.8,734.0
526,1.3,1.1,0.9,734.5
527,1.3,1.1,1.0,804.0
528,1.3,1.3,0.0,1285.0
529,1.3,1.3,0.1,1156.5
530,1.3,1.3,0.2,1302.5
531,1.3,1.3,0.30000000000000004,1187.5
532,1.3,1.3,0.4,1068.0
533,1.3,1.3,0.5,898.5
534,1.3,1.3,0.6000000000000001,1013.5
535,1.3,1.3,0.7000000000000001,827.0
536,1.3,1.3,0.8,667.5
537,1.3,1.3,0.9,691.0
538,1.3,1.3,1.0,835.0
539,1.3,1.5,0.0,1257.5
540,1.3,1.5,0.1,1171.5
541,1.3,1.5,0.2,1359.5
542,1.3,1.5,0.30000000000000004,1244.5
543,1.3,1.5,0.4,1125.0
544,1.3,1.5,0.5,955.5
545,1.3,1.5,0.6000000000000001,940.0
546,1.3,1.5,0.7000000000000001,769.5
547,1.3,1.5,0.8,645.0
548,1.3,1.5,0.9,646.5
549,1.3,1.5,1.0,644.0
550,1.3,1.7000000000000002,0.0,1297.5
551,1.3,1.7000000000000002,0.1,1204.5
552,1.3,1.7000000000000002,0.2,1356.0
553,1.3,1.7000000000000002,0.30000000000000004,1241.0
554,1.3,1.7000000000000002,0.4,1121.5
555,1.3,1.7000000000000002,0.5,952.0
556,1.3,1.7000000000000002,0.6000000000000001,936.5
557,1.3,1.7000000000000002,0.7000000000000001,766.0
558,1.3,1.7000000000000002,0.8,641.5
559,1.3,1.7000000000000002,0.9,584.0
560,1.3,1.7000000000000002,1.0,553.0
561,1.3,1.9000000000000001,0.0,1028.0
562,1.3,1.9000000000000001,0.1,906.5
563,1.3,1.9000000000000001,0.2,972.0
564,1.3,1.9000000000000001,0.30000000000000004,883.5
565,1.3,1.9000000000000001,0.4,812.0
566,1.3,1.9000000000000001,0.5,642.0
567,1.3,1.9000000000000001,0.6000000000000001,641.0
568,1.3,1.9000000000000001,0.7000000000000001,646.5
569,1.3,1.9000000000000001,0.8,523.0
570,1.3,1.9000000000000001,0.9,464.5
571,1.3,1.9000000000000001,1.0,393.5
572,1.3,2.1,0.0,-15.5
573,1.3,2.1,0.1,578.0
574,1.3,2.1,0.2,571.0
575,1.3,2.1,0.30000000000000004,518.5
576,1.3,2.1,0.4,477.0
577,1.3,2.1,0.5,356.0
578,1.3,2.1,0.6000000000000001,427.5
579,1.3,2.1,0.7000000000000001,451.5
580,1.3,2.1,0.8,343.5
581,1.3,2.1,0.9,360.0
582,1.3,2.1,1.0,362.5
583,1.3,2.3,0.0,-156.0
584,1.3,2.3,0.1,514.5
585,1.3,2.3,0.2,499.5
586,1.3,2.3,0.30000000000000004,455.0
587,1.3,2.3,0.4,450.5
588,1.3,2.3,0.5,328.5
589,1.3,2.3,0.6000000000000001,385.0
590,1.3,2.3,0.7000000000000001,411.0
591,1.3,2.3,0.8,315.0
592,1.3,2.3,0.9,322.5
593,1.3,2.3,1.0,303.0
594,1.3,2.5,0.0,-444.0
595,1.3,2.5,0.1,284.5
596,1.3,2.5,0.2,291.0
597,1.3,2.5,0.30000000000000004,254.0
598,1.3,2.5,0.4,249.5
599,1.3,2.5,0.5,146.5
600,1.3,2.5,0.6000000000000001,164.0
601,1.3,2.5,0.7000000000000001,200.5
602,1.3,2.5,0.8,120.0
603,1.3,2.5,0.9,144.0
604,1.3,2.5,1.0,164.5
605,1.5,0.5,0.0,706.0
606,1.5,0.5,0.1,1390.0
607,1.5,0.5,0.2,1535.5
608,1.5,0.5,0.30000000000000004,1428.0
609,1.5,0.5,0.4,1500.5
610,1.5,0.5,0.5,1357.5
611,1.5,0.5,0.6000000000000001,1613.5
612,1.5,0.5,0.7000000000000001,1470.5
613,1.5,0.5,0.8,1279.5
614,1.5,0.5,0.9,1199.0
615,1.5,0.5,1.0,1146.5
616,1.5,0.7,0.0,824.5
617,1.5,0.7,0.1,1317.0
618,1.5,0.7,0.2,1454.0
619,1.5,0.7,0.30000000000000004,1442.5
620,1.5,0.7,0.4,1438.5
621,1.5,0.7,0.5,1355.5
622,1.5,0.7,0.6000000000000001,1571.5
623,1.5,0.7,0.7000000000000001,1490.0
624,1.5,0.7,0.8,1316.5
625,1.5,0.7,0.9,1275.5
626,1.5,0.7,1.0,1120.5
627,1.5,0.9,0.0,867.0
628,1.5,0.9,0.1,1269.5
629,1.5,0.9,0.2,1392.5
630,1.5,0.9,0.30000000000000004,1275.5
631,1.5,0.9,0.4,1167.5
632,1.5,0.9,0.5,1193.5
633,1.5,0.9,0.6000000000000001,1283.0
634,1.5,0.9,0.7000000000000001,1116.0
635,1.5,0.9,0.8,974.5
636,1.5,0.9,0.9,1018.0
637,1.5,0.9,1.0,936.5
638,1.5,1.1,0.0,1208.0
639,1.5,1.1,0.1,1140.0
640,1.5,1.1,0.2,1293.5
641,1.5,1.1,0.30000000000000004,1182.5
642,1.5,1.1,0.4,1066.5
643,1.5,1.1,0.5,900.5
644,1.5,1.1,0.6000000000000001,974.0
645,1.5,1.1,0.7000000000000001,892.5
646,1.5,1.1,0.8,742.0
647,1.5,1.1,0.9,753.5
648,1.5,1.1,1.0,776.0
649,1.5,1.3,0.0,1291.0
650,1.5,1.3,0.1,1134.0
651,1.5,1.3,0.2,1285.0
652,1.5,1.3,0.30000000000000004,1174.0
653,1.5,1.3,0.4,1085.5
654,1.5,1.3,0.5,927.5
655,1.5,1.3,0.6000000000000001,1037.5
656,1.5,1.3,0.7000000000000001,801.0
657,1.5,1.3,0.8,675.5
658,1.5,1.3,0.9,710.0
659,1.5,1.3,1.0,807.0
660,1.5,1.5,0.0,1263.5
661,1.5,1.5,0.1,1149.0
662,1.5,1.5,0.2,1342.0
663,1.5,1.5,0.30000000000000004,1231.0
664,1.5,1.5,0.4,1142.5
665,1.5,1.5,0.5,984.5
666,1.5,1.5,0.6000000000000001,964.0
667,1.5,1.5,0.7000000000000001,743.5
668,1.5,1.5,0.8,653.0
669,1.5,1.5,0.9,665.5
670,1.5,1.5,1.0,616.0
671,1.5,1.7000000000000002,0.0,1303.5
672,1.5,1.7000000000000002,0.1,1182.0
673,1.5,1.7000000000000002,0.2,1338.5
674,1.5,1.7000000000000002,0.30000000000000004,1227.5
675,1.5,1.7000000000000002,0.4,1139.0
676,1.5,1.7000000000000002,0.5,981.0
677,1.5,1.7000000000000002,0.6000000000000001,960.5
678,1.5,1.7000000000000002,0.7000000000000001,740.0
679,1.5,1.7000000000000002,0.8,649.5
680,1.5,1.7000000000000002,0.9,603.0
681,1.5,1.7000000000000002,1.0,525.0
682,1.5,1.9000000000000001,0.0,1034.0
683,1.5,1.9000000000000001,0.1,884.0
684,1.5,1.9000000000000001,0.2,954.5
685,1.5,1.9000000000000001,0.30000000000000004,870.0
686,1.5,1.9000000000000001,0.4,829.5
687,1.5,1.9000000000000001,0.5,671.0
688,1.5,1.9000000000000001,0.6000000000000001,665.0
689,1.5,1.9000000000000001,0.7000000000000001,620.5
690,1.5,1.9000000000000001,0.8,531.0
691,1.5,1.9000000000000001,0.9,483.5
692,1.5,1.9000000000000001,1.0,365.5
693,1.5,2.1,0.0,25.5
694,1.5,2.1,0.1,555.5
695,1.5,2.1,0.2,553.5
696,1.5,2.1,0.30000000000000004,505.0
697,1.5,2.1,0.4,494.5
698,1.5,2.1,0.5,385.0
699,1.5,2.1,0.6000000000000001,451.5
700,1.5,2.1,0.7000000000000001,425.5
701,1.5,2.1,0.8,351.5
702,1.5,2.1,0.9,379.0
703,1.5,2.1,1.0,334.5
704,1.5,2.3,0.0,-115.0
705,1.5,2.3,0.1,492.0
706,1.5,2.3,0.2,482.0
707,1.5,2.3,0.30000000000000004,441.5
708,1.5,2.3,0.4,468.0
709,1.5,2.3,0.5,357.5
710,1.5,2.3,0.6000000000000001,409.0
711,1.5,2.3,0.7000000000000001,385.0
712,1.5,2.3,0.8,323.0
713,1.5,2.3,0.9,341.5
714,1.5,2.3,1.0,275.0
715,1.5,2.5,0.0,-424.5
716,1.5,2.5,0.1,262.0
717,1.5,2.5,0.2,273.5
718,1.5,2.5,0.30000000000000004,240.5
719,1.5,2.5,0.4,267.0
720,1.5,2.5,0.5,175.5
721,1.5,2.5,0.6000000000000001,188.0
722,1.5,2.5,0.7000000000000001,174.5
723,1.5,2.5,0.8,128.0
724,1.5,2.5,0.9,163.0
725,1.5,2.5,1.0,136.5
726,1.7000000000000002,0.5,0.0,792.5
727,1.7000000000000002,0.5,0.1,1434.0
728,1.7000000000000002,0.5,0.2,1579.5
729,1.7000000000000002,0.5,0.30000000000000004,1472.0
730,1.7000000000000002,0.5,0.4,1562.0
731,1.7000000000000002,0.5,0.5,1419.0
732,1.7000000000000002,0.5,0.6000000000000001,1675.0
733,1.7000000000000002,0.5,0.7000000000000001,1532.0
734,1.7000000000000002,0.5,0.8,1341.0
735,1.7000000000000002,0.5,0.9,1280.0
736,1.7000000000000002,0.5,1.0,1227.5
737,1.7000000000000002,0.7,0.0,911.0
738,1.7000000000000002,0.7,0.1,1361.0
739,1.7000000000000002,0.7,0.2,1498.0
740,1.7000000000000002,0.7,0.30000000000000004,1486.5
741,1.7000000000000002,0.7,0.4,1500.0
742,1.7000000000000002,0.7,0.5,1417.0
743,1.7000000000000002,0.7,0.6000000000000001,1633.0
744,1.7000000000000002,0.7,0.7000000000000001,1551.5
745,1.7000000000000002,0.7,0.8,1378.0
746,1.7000000000000002,0.7,0.9,1356.5
747,1.7000000000000002,0.7,1.0,1201.5
748,1.7000000000000002,0.9,0.0,953.5
749,1.7000000000000002,0.9,0.1,1313.5
750,1.7000000000000002,0.9,0.2,1436.5
751,1.7000000000000002,0.9,0.30000000000000004,1319.5
752,1.7000000000000002,0.9,0.4,1229.0
753,1.7000000000000002,0.9,0.5,1255.0
754,1.7000000000000002,0.9,0.6000000000000001,1344.5
755,1.7000000000000002,0.9,0.7000000000000001,1177.5
756,1.7000000000000002,0.9,0.8,1036.0
757,1.7000000000000002,0.9,0.9,1099.0
758,1.7000000000000002,0.9,1.0,1017.5
759,1.7000000000000002,1.1,0.0,1294.5
760,1.7000000000000002,1.1,0.1,1184.0
761,1.7000000000000002,1.1,0.2,1337.5
762,1.7000000000000002,1.1,0.30000000000000004,1226.5
763,1.7000000000000002,1.1,0.4,1128.0
764,1.7000000000000002,1.1,0.5,962.0
765,1.7000000000000002,1.1,0.6000000000000001,1035.5
766,1.7000000000000002,1.1,0.7000000000000001,954.0
767,1.7000000000000002,1.1,0.8,803.5
768,1.7000000000000002,1.1,0.9,834.5
769,1.7000000000000002,1.1,1.0,857.0
770,1.7000000000000002,1.3,0.0,1377.5
771,1.7000000000000002,1.3,0.1,1178.0
772,1.7000000000000002,1.3,0.2,1329.0
773,1.7000000000000002,1.3,0.30000000000000004,1218.0
774,1.7000000000000002,1.3,0.4,1147.0
775,1.7000000000000002,1.3,0.5,989.0
776,1.7000000000000002,1.3,0.6000000000000001,1099.0
777,1.7000000000000002,1.3,0.7000000000000001,862.5
778,1.7000000000000002,1.3,0.8,737.0
779,1.7000000000000002,1.3,0.9,791.0
780,1.7000000000000002,1.3,1.0,888.0
781,1.7000000000000002,1.5,0.0,1350.0
782,1.7000000000000002,1.5,0.1,1193.0
783,1.7000000000000002,1.5,0.2,1386.0
784,1.7000000000000002,1.5,0.30000000000000004,1275.0
785,1.7000000000000002,1.5,0.4,1204.0
786,1.7000000000000002,1.5,0.5,1046.0
787,1.7000000000000002,1.5,0.6000000000000001,1025.5
788,1.7000000000000002,1.5,0.7000000000000001,805.0
789,1.7000000000000002,1.5,0.8,714.5
790,1.7000000000000002,1.5,0.9,746.5
791,1.7000000000000002,1.5,1.0,697.0
792,1.7000000000000002,1.7000000000000002,0.0,1390.0
793,1.7000000000000002,1.7000000000000002,0.1,1226.0
794,1.7000000000000002,1.7000000000000002,0.2,1382.5
795,1.7000000000000002,1.7000000000000002,0.30000000000000004,1271.5
796,1.7000000000000002,1.7000000000000002,0.4,1200.5
797,1.7000000000000002,1.7000000000000002,0.5,1042.5
798,1.7000000000000002,1.7000000000000002,0.6000000000000001,1022.0
799,1.7000000000000002,1.7000000000000002,0.7000000000000001,801.5
800,1.7000000000000002,1.7000000000000002,0.8,711.0
801,1.7000000000000002,1.7000000000000002,0.9,684.0
802,1.7000000000000002,1.7000000000000002,1.0,606.0
803,1.7000000000000002,1.9000000000000001,0.0,1120.5
804,1.7000000000000002,1.9000000000000001,0.1,928.0
805,1.7000000000000002,1.9000000000000001,0.2,998.5
806,1.7000000000000002,1.9000000000000001,0.30000000000000004,914.0
807,1.7000000000000002,1.9000000000000001,0.4,891.0
808,1.7000000000000002,1.9000000000000001,0.5,732.5
809,1.7000000000000002,1.9000000000000001,0.6000000000000001,726.5
810,1.7000000000000002,1.9000000000000001,0.7000000000000001,682.0
811,1.7000000000000002,1.9000000000000001,0.8,592.5
812,1.7000000000000002,1.9000000000000001,0.9,564.5
813,1.7000000000000002,1.9000000000000001,1.0,446.5
814,1.7000000000000002,2.1,0.0,68.5
815,1.7000000000000002,2.1,0.1,599.5
816,1.7000000000000002,2.1,0.2,597.5
817,1.7000000000000002,2.1,0.30000000000000004,549.0
818,1.7000000000000002,2.1,0.4,556.0
819,1.7000000000000002,2.1,0.5,446.5
820,1.7000000000000002,2.1,0.6000000000000001,513.0
821,1.7000000000000002,2.1,0.7000000000000001,487.0
822,1.7000000000000002,2.1,0.8,413.0
823,1.7000000000000002,2.1,0.9,460.0
824,1.7000000000000002,2.1,1.0,415.5
825,1.7000000000000002,2.3,0.0,-72.0
826,1.7000000000000002,2.3,0.1,536.0
827,1.7000000000000002,2.3,0.2,526.0
828,1.7000000000000002,2.3,0.30000000000000004,485.5
829,1.7000000000000002,2.3,0.4,529.5
830,1.7000000000000002,2.3,0.5,419.0
831,1.7000000000000002,2.3,0.6000000000000001,470.5
832,1.7000000000000002,2.3,0.7000000000000001,446.5
833,1.7000000000000002,2.3,0.8,384.5
834,1.7000000000000002,2.3,0.9,422.5
835,1.7000000000000002,2.3,1.0,356.0
836,1.7000000000000002,2.5,0.0,-409.0
837,1.7000000000000002,2.5,0.1,306.0
838,1.7000000000000002,2.5,0.2,317.5
839,1.7000000000000002,2.5,0.30000000000000004,284.5
840,1.7000000000000002,2.5,0.4,328.5
841,1.7000000000000002,2.5,0.5,237.0
842,1.7000000000000002,2.5,0.6000000000000001,249.5
843,1.7000000000000002,2.5,0.7000000000000001,236.0
844,1.7000000000000002,2.5,0.8,189.5
845,1.7000000000000002,2.5,0.9,244.0
846,1.7000000000000002,2.5,1.0,217.5
847,1.9000000000000001,0.5,0.0,760.0
848,1.9000000000000001,0.5,0.1,1277.5
849,1.9000000000000001,0.5,0.2,1414.0
850,1.9000000000000001,0.5,0.30000000000000004,1325.5
851,1.9000000000000001,0.5,0.4,1351.0
852,1.9000000000000001,0.5,0.5,1272.0
853,1.9000000000000001,0.5,0.6000000000000001,1561.0
854,1.9000000000000001,0.5,0.7000000000000001,1419.0
855,1.9000000000000001,0.5,0.8,1247.5
856,1.9000000000000001,0.5,0.9,1124.5
857,1.9000000000000001,0.5,1.0,1086.5
858,1.9000000000000001,0.7,0.0,878.5
859,1.9000000000000001,0.7,0.1,1204.5
860,1.9000000000000001,0.7,0.2,1332.5
861,1.9000000000000001,0.7,0.30000000000000004,1340.0
862,1.9000000000000001,0.7,0.4,1289.0
863,1.9000000000000001,0.7,0.5,1270.0
864,1.9000000000000001,0.7,0.6000000000000001,1519.0
865,1.9000000000000001,0.7,0.7000000000000001,1438.5
866,1.9000000000000001,0.7,0.8,1284.5
867,1.9000000000000001,0.7,0.9,1201.0
868,1.9000000000000001,0.7,1.0,1060.5
869,1.9000000000000001,0.9,0.0,921.0
870,1.9000000000000001,0.9,0.1,1157.0
871,1.9000000000000001,0.9,0.2,1271.0
872,1.9000000000000001,0.9,0.30000000000000004,1173.0
873,1.9000000000000001,0.9,0.4,1018.0
874,1.9000000000000001,0.9,0.5,1108.0
875,1.9000000000000001,0.9,0.6000000000000001,1230.5
876,1.9000000000000001,0.9,0.7000000000000001,1064.5
877,1.9000000000000001,0.9,0.8,942.5
878,1.9000000000000001,0.9,0.9,943.5
879,1.9000000000000001,0.9,1.0,876.5
880,1.9000000000000001,1.1,0.0,1262.0
881,1.9000000000000001,1.1,0.1,1027.5
882,1.9000000000000001,1.1,0.2,1172.0
883,1.9000000000000001,1.1,0.30000000000000004,1080.0
884,1.9000000000000001,1.1,0.4,917.0
885,1.9000000000000001,1.1,0.5,815.0
886,1.9000000000000001,1.1,0.6000000000000001,921.5
887,1.9000000000000001,1.1,0.7000000000000001,841.0
888,1.9000000000000001,1.1,0.8,710.0
889,1.9000000000000001,1.1,0.9,679.0
890,1.9000000000000001,1.1,1.0,716.0
891,1.9000000000000001,1.3,0.0,1345.0
892,1.9000000000000001,1.3,0.1,1021.5
893,1.9000000000000001,1.3,0.2,1163.5
894,1.9000000000000001,1.3,0.30000000000000004,1071.5
895,1.9000000000000001,1.3,0.4,936.0
896,1.9000000000000001,1.3,0.5,842.0
897,1.9000000000000001,1.3,0.6000000000000001,985.0
898,1.9000000000000001,1.3,0.7000000000000001,749.5
899,1.9000000000000001,1.3,0.8,643.5
900,1.9000000000000001,1.3,0.9,635.5
901,1.9000000000000001,1.3,1.0,747.0
902,1.9000000000000001,1.5,0.0,1317.5
903,1.9000000000000001,1.5,0.1,1036.5
904,1.9000000000000001,1.5,0.2,1220.5
905,1.9000000000000001,1.5,0.30000000000000004,1128.5
906,1.9000000000000001,1.5,0.4,993.0
907,1.9000000000000001,1.5,0.5,899.0
908,1.9000000000000001,1.5,0.6000000000000001,911.5
909,1.9000000000000001,1.5,0.7000000000000001,692.0
910,1.9000000000000001,1.5,0.8,621.0
911,1.9000000000000001,1.5,0.9,591.0
912,1.9000000000000001,1.5,1.0,556.0
913,1.9000000000000001,1.7000000000000002,0.0,1357.5
914,1.9000000000000001,1.7000000000000002,0.1,1069.5
915,1.9000000000000001,1.7000000000000002,0.2,1217.0
916,1.9000000000000001,1.7000000000000002,0.30000000000000004,1125.0
917,1.9000000000000001,1.7000000000000002,0.4,989.5
918,1.9000000000000001,1.7000000000000002,0.5,895.5
919,1.9000000000000001,1.7000000000000002,0.6000000000000001,908.0
920,1.9000000000000001,1.7000000000000002,0.7000000000000001,688.5
921,1.9000000000000001,1.7000000000000002,0.8,617.5
922,1.9000000000000001,1.7000000000000002,0.9,528.5
923,1.9000000000000001,1.7000000000000002,1.0,465.0
924,1.9000000000000001,1.9000000000000001,0.0,1088.0
925,1.9000000000000001,1.9000000000000001,0.1,771.5
926,1.9000000000000001,1.9000000000000001,0.2,833.0
927,1.9000000000000001,1.9000000000000001,0.30000000000000004,767.5
928,1.9000000000000001,1.9000000000000001,0.4,680.0
929,1.9000000000000001,1.9000000000000001,0.5,585.5
930,1.9000000000000001,1.9000000000000001,0.6000000000000001,612.5
931,1.9000000000000001,1.9000000000000001,0.7000000000000001,569.0
932,1.9000000000000001,1.9000000000000001,0.8,499.0
933,1.9000000000000001,1.9000000000000001,0.9,409.0
934,1.9000000000000001,1.9000000000000001,1.0,305.5
935,1.9000000000000001,2.1,0.0,-50.5
936,1.9000000000000001,2.1,0.1,443.0
937,1.9000000000000001,2.1,0.2,432.0
938,1.9000000000000001,2.1,0.30000000000000004,402.5
939,1.9000000000000001,2.1,0.4,345.0
940,1.9000000000000001,2.1,0.5,299.5
941,1.9000000000000001,2.1,0.6000000000000001,399.0
942,1.9000000000000001,2.1,0.7000000000000001,374.0
943,1.9000000000000001,2.1,0.8,319.5
944,1.9000000000000001,2.1,0.9,304.5
945,1.9000000000000001,2.1,1.0,274.5
946,1.9000000000000001,2.3,0.0,-191.0
947,1.9000000000000001,2.3,0.1,379.5
948,1.9000000000000001,2.3,0.2,360.5
949,1.9000000000000001,2.3,0.30000000000000004,339.0
950,1.9000000000000001,2.3,0.4,318.5
951,1.9000000000000001,2.3,0.5,272.0
952,1.9000000000000001,2.3,0.6000000000000001,356.5
953,1.9000000000000001,2.3,0.7000000000000001,333.5
954,1.9000000000000001,2.3,0.8,291.0
955,1.9000000000000001,2.3,0.9,267.0
956,1.9000000000000001,2.3,1.0,215.0
957,1.9000000000000001,2.5,0.0,-464.0
958,1.9000000000000001,2.5,0.1,149.5
959,1.9000000000000001,2.5,0.2,152.0
960,1.9000000000000001,2.5,0.30000000000000004,138.0
961,1.9000000000000001,2.5,0.4,117.5
962,1.9000000000000001,2.5,0.5,90.0
963,1.9000000000000001,2.5,0.6000000000000001,135.5
964,1.9000000000000001,2.5,0.7000000000000001,123.0
965,1.9000000000000001,2.5,0.8,96.0
966,1.9000000000000001,2.5,0.9,88.5
967,1.9000000000000001,2.5,1.0,76.5
968,2.1,0.5,0.0,800.5
969,2.1,0.5,0.1,1296.0
970,2.1,0.5,0.2,1432.5
971,2.1,0.5,0.30000000000000004,1344.0
972,2.1,0.5,0.4,1369.5
973,2.1,0.5,0.5,1290.5
974,2.1,0.5,0.6000000000000001,1579.5
975,2.1,0.5,0.7000000000000001,1437.5
976,2.1,0.5,0.8,1266.0
977,2.1,0.5,0.9,1143.0
978,2.1,0.5,1.0,1105.0
979,2.1,0.7,0.0,919.0
980,2.1,0.7,0.1,1223.0
981,2.1,0.7,0.2,1351.0
982,2.1,0.7,0.30000000000000004,1358.5
983,2.1,0.7,0.4,1307.5
984,2.1,0.7,0.5,1288.5
985,2.1,0.7,0.6000000000000001,1537.5
986,2.1,0.7,0.7000000000000001,1457.0
987,2.1,0.7,0.8,1303.0
988,2.1,0.7,0.9,1219.5
989,2.1,0.7,1.0,1079.0
990,2.1,0.9,0.0,961.5
991,2.1,0.9,0.1,1175.5
992,2.1,0.9,0.2,1289.5
993,2.1,0.9,0.30000000000000004,1191.5
994,2.1,0.9,0.4,1036.5
995,2.1,0.9,0.5,1126.5
996,2.1,0.9,0.6000000000000001,1249.0
997,2.1,0.9,0.7000000000000001,1083.0
998,2.1,0.9,0.8,961.0
999,2.1,0.9,0.9,962.0
1000,2.1,0.9,1.0,895.0
1001,2.1,1.1,0.0,1302.5
1002,2.1,1.1,0.1,1046.0
1003,2.1,1.1,0.2,1190.5
1004,2.1,1.1,0.30000000000000004,1098.5
1005,2.1,1.1,0.4,935.5
1006,2.1,1.1,0.5,833.5
1007,2.1,1.1,0.6000000000000001,940.0
1008,2.1,1.1,0.7000000000000001,859.5
1009,2.1,1.1,0.8,728.5
1010,2.1,1.1,0.9,697.5
1011,2.1,1.1,1.0,734.5
1012,2.1,1.3,0.0,1385.5
1013,2.1,1.3,0.1,1040.0
1014,2.1,1.3,0.2,1182.0
1015,2.1,1.3,0.30000000000000004,1090.0
1016,2.1,1.3,0.4,954.5
1017,2.1,1.3,0.5,860.5
1018,2.1,1.3,0.6000000000000001,1003.5
1019,2.1,1.3,0.7000000000000001,768.0
1020,2.1,1.3,0.8,662.0
1021,2.1,1.3,0.9,654.0
1022,2.1,1.3,1.0,765.5
1023,2.1,1.5,0.0,1358.0
1024,2.1,1.5,0.1,1055.0
1025,2.1,1.5,0.2,1239.0
1026,2.1,1.5,0.30000000000000004,1147.0
1027,2.1,1.5,0.4,1011.5
1028,2.1,1.5,0.5,917.5
1029,2.1,1.5,0.6000000000000001,930.0
1030,2.1,1.5,0.7000000000000001,710.5
1031,2.1,1.5,0.8,639.5
1032,2.1,1.5,0.9,609.5
1033,2.1,1.5,1.0,574.5
1034,2.1,1.7000000000000002,0.0,1398.0
1035,2.1,1.7000000000000002,0.1,1088.0
1036,2.1,1.7000000000000002,0.2,1235.5
1037,2.1,1.7000000000000002,0.30000000000000004,1143.5
1038,2.1,1.7000000000000002,0.4,1008.0
1039,2.1,1.7000000000000002,0.5,914.0
1040,2.1,1.7000000000000002,0.6000000000000001,926.5
1041,2.1,1.7000000000000002,0.7000000000000001,707.0
1042,2.1,1.7000000000000002,0.8,636.0
1043,2.1,1.7000000000000002,0.9,547.0
1044,2.1,1.7000000000000002,1.0,483.5
1045,2.1,1.9000000000000001,0.0,1128.5
1046,2.1,1.9000000000000001,0.1,790.0
1047,2.1,1.9000000000000001,0.2,851.5
1048,2.1,1.9000000000000001,0.30000000000000004,786.0
1049,2.1,1.9000000000000001,0.4,698.5
1050,2.1,1.9000000000000001,0.5,604.0
1051,2.1,1.9000000000000001,0.6000000000000001,631.0
1052,2.1,1.9000000000000001,0.7000000000000001,587.5
1053,2.1,1.9000000000000001,0.8,517.5
1054,2.1,1.9000000000000001,0.9,427.5
1055,2.1,1.9000000000000001,1.0,324.0
1056,2.1,2.1,0.0,-40.0
1057,2.1,2.1,0.1,461.5
1058,2.1,2.1,0.2,450.5
1059,2.1,2.1,0.30000000000000004,421.0
1060,2.1,2.1,0.4,363.5
1061,2.1,2.1,0.5,318.0
1062,2.1,2.1,0.6000000000000001,417.5
1063,2.1,2.1,0.7000000000000001,392.5
1064,2.1,2.1,0.8,338.0
1065,2.1,2.1,0.9,323.0
1066,2.1,2.1,1.0,293.0
1067,2.1,2.3,0.0,-180.5
1068,2.1,2.3,0.1,398.0
1069,2.1,2.3,0.2,379.0
1070,2.1,2.3,0.30000000000000004,357.5
1071,2.1,2.3,0.4,337.0
1072,2.1,2.3,0.5,290.5
1073,2.1,2.3,0.6000000000000001,375.0
1074,2.1,2.3,0.7000000000000001,352.0
1075,2.1,2.3,0.8,309.5
1076,2.1,2.3,0.9,285.5
1077,2.1,2.3,1.0,233.5
1078,2.1,2.5,0.0,-461.5
1079,2.1,2.5,0.1,168.0
1080,2.1,2.5,0.2,170.5
1081,2.1,2.5,0.30000000000000004,156.5
1082,2.1,2.5,0.4,136.0
1083,2.1,2.5,0.5,108.5
1084,2.1,2.5,0.6000000000000001,154.0
1085,2.1,2.5,0.7000000000000001,141.5
1086,2.1,2.5,0.8,114.5
1087,2.1,2.5,0.9,107.0
1088,2.1,2.5,1.0,95.0
1089,2.3,0.5,0.0,853.5
1090,2.3,0.5,0.1,1323.5
1091,2.3,0.5,0.2,1460.0
1092,2.3,0.5,0.30000000000000004,1371.5
1093,2.3,0.5,0.4,1397.0
1094,2.3,0.5,0.5,1318.0
1095,2.3,0.5,0.6000000000000001,1607.0
1096,2.3,0.5,0.7000000000000001,1465.0
1097,2.3,0.5,0.8,1293.5
1098,2.3,0.5,0.9,1170.5
1099,2.3,0.5,1.0,1132.5
1100,2.3,0.7,0.0,972.0
1101,2.3,0.7,0.1,1250.5
1102,2.3,0.7,0.2,1378.5
1103,2.3,0.7,0.30000000000000004,1386.0
1104,2.3,0.7,0.4,1335.0
1105,2.3,0.7,0.5,1316.0
1106,2.3,0.7,0.6000000000000001,1565.0
1107,2.3,0.7,0.7000000000000001,1484.5
1108,2.3,0.7,0.8,1330.5
1109,2.3,0.7,0.9,1247.0
1110,2.3,0.7,1.0,1106.5
1111,2.3,0.9,0.0,1014.5
1112,2.3,0.9,0.1,1203.0
1113,2.3,0.9,0.2,1317.0
1114,2.3,0.9,0.30000000000000004,1219.0
1115,2.3,0.9,0.4,1064.0
1116,2.3,0.9,0.5,1154.0
1117,2.3,0.9,0.6000000000000001,1276.5
1118,2.3,0.9,0.7000000000000001,1110.5
1119,2.3,0.9,0.8,988.5
1120,2.3,0.9,0.9,989.5
1121,2.3,0.9,1.0,922.5
1122,2.3,1.1,0.0,1355.5
1123,2.3,1.1,0.1,1073.5
1124,2.3,1.1,0.2,1218.0
1125,2.3,1.1,0.30000000000000004,1126.0
1126,2.3,1.1,0.4,963.0
1127,2.3,1.1,0.5,861.0
1128,2.3,1.1,0.6000000000000001,967.5
1129,2.3,1.1,0.7000000000000001,887.0
1130,2.3,1.1,0.8,756.0
1131,2.3,1.1,0.9,725.0
1132,2.3,1.1,1.0,762.0
1133,2.3,1.3,0.0,1438.5
1134,2.3,1.3,0.1,1067.5
1135,2.3,1.3,0.2,1209.5
1136,2.3,1.3,0.30000000000000004,1117.5
1137,2.3,1.3,0.4,982.0
1138,2.3,1.3,0.5,888.0
1139,2.3,1.3,0.6000000000000001,1031.0
1140,2.3,1.3,0.7000000000000001,795.5
1141,2.3,1.3,0.8,689.5
1142,2.3,1.3,0.9,681.5
1143,2.3,1.3,1.0,793.0
1144,2.3,1.5,0.0,1411.0
1145,2.3,1.5,0.1,1082.5
1146,2.3,1.5,0.2,1266.5
1147,2.3,1.5,0.30000000000000004,1174.5
1148,2.3,1.5,0.4,1039.0
1149,2.3,1.5,0.5,945.0
1150,2.3,1.5,0.6000000000000001,957.5
1151,2.3,1.5,0.7000000000000001,738.0
1152,2.3,1.5,0.8,667.0
1153,2.3,1.5,0.9,637.0
1154,2.3,1.5,1.0,602.0
1155,2.3,1.7000000000000002,0.0,1451.0
1156,2.3,1.7000000000000002,0.1,1115.5
1157,2.3,1.7000000000000002,0.2,1263.0
1158,2.3,1.7000000000000002,0.30000000000000004,1171.0
1159,2.3,1.7000000000000002,0.4,1035.5
1160,2.3,1.7000000000000002,0.5,941.5
1161,2.3,1.7000000000000002,0.6000000000000001,954.0
1162,2.3,1.7000000000000002,0.7000000000000001,734.5
1163,2.3,1.7000000000000002,0.8,663.5
1164,2.3,1.7000000000000002,0.9,574.5
1165,2.3,1.7000000000000002,1.0,511.0
1166,2.3,1.9000000000000001,0.0,1181.5
1167,2.3,1.9000000000000001,0.1,817.5
1168,2.3,1.9000000000000001,0.2,879.0
1169,2.3,1.9000000000000001,0.30000000000000004,813.5
1170,2.3,1.9000000000000001,0.4,726.0
1171,2.3,1.9000000000000001,0.5,631.5
1172,2.3,1.9000000000000001,0.6000000000000001,658.5
1173,2.3,1.9000000000000001,0.7000000000000001,615.0
1174,2.3,1.9000000000000001,0.8,545.0
1175,2.3,1.9000000000000001,0.9,455.0
1176,2.3,1.9000000000000001,1.0,351.5
1177,2.3,2.1,0.0,-19.0
1178,2.3,2.1,0.1,489.0
1179,2.3,2.1,0.2,478.0
1180,2.3,2.1,0.30000000000000004,448.5
1181,2.3,2.1,0.4,391.0
1182,2.3,2.1,0.5,345.5
1183,2.3,2.1,0.6000000000000001,445.0
1184,2.3,2.1,0.7000000000000001,420.0
1185,2.3,2.1,0.8,365.5
1186,2.3,2.1,0.9,350.5
1187,2.3,2.1,1.0,320.5
1188,2.3,2.3,0.0,-159.5
1189,2.3,2.3,0.1,425.5
1190,2.3,2.3,0.2,406.5
1191,2.3,2.3,0.30000000000000004,385.0
1192,2.3,2.3,0.4,364.5
1193,2.3,2.3,0.5,318.0
1194,2.3,2.3,0.6000000000000001,402.5
1195,2.3,2.3,0.7000000000000001,379.5
1196,2.3,2.3,0.8,337.0
1197,2.3,2.3,0.9,313.0
1198,2.3,2.3,1.0,261.0
1199,2.3,2.5,0.0,-449.0
1200,2.3,2.5,0.1,195.5
1201,2.3,2.5,0.2,198.0
1202,2.3,2.5,0.30000000000000004,184.0
1203,2.3,2.5,0.4,163.5
1204,2.3,2.5,0.5,136.0
1205,2.3,2.5,0.6000000000000001,181.5
1206,2.3,2.5,0.7000000000000001,169.0
1207,2.3,2.5,0.8,142.0
1208,2.3,2.5,0.9,134.5
1209,2.3,2.5,1.0,122.5
1210,2.5,0.5,0.0,921.0
1211,2.5,0.5,0.1,1370.0
1212,2.5,0.5,0.2,1506.5
1213,2.5,0.5,0.30000000000000004,1418.0
1214,2.5,0.5,0.4,1443.5
1215,2.5,0.5,0.5,1364.5
1216,2.5,0.5,0.6000000000000001,1653.5
1217,2.5,0.5,0.7000000000000001,1511.5
1218,2.5,0.5,0.8,1340.0
1219,2.5,0.5,0.9,1217.0
1220,2.5,0.5,1.0,1179.0
1221,2.5,0.7,0.0,1039.5
1222,2.5,0.7,0.1,1297.0
1223,2.5,0.7,0.2,1425.0
1224,2.5,0.7,0.30000000000000004,1432.5
1225,2.5,0.7,0.4,1381.5
1226,2.5,0.7,0.5,1362.5
1227,2.5,0.7,0.6000000000000001,1611.5
1228,2.5,0.7,0.7000000000000001,1531.0
1229,2.5,0.7,0.8,1377.0
1230,2.5,0.7,0.9,1293.5
1231,2.5,0.7,1.0,1153.0
1232,2.5,0.9,0.0,1082.0
1233,2.5,0.9,0.1,1249.5
1234,2.5,0.9,0.2,1363.5
1235,2.5,0.9,0.30000000000000004,1265.5
1236,2.5,0.9,0.4,1110.5
1237,2.5,0.9,0.5,1200.5
1238,2.5,0.9,0.6000000000000001,1323.0
1239,2.5,0.9,0.7000000000000001,1157.0
1240,2.5,0.9,0.8,1035.0
1241,2.5,0.9,0.9,1036.0
1242,2.5,0.9,1.0,969.0
1243,2.5,1.1,0.0,1423.0
1244,2.5,1.1,0.1,1120.0
1245,2.5,1.1,0.2,1264.5
1246,2.5,1.1,0.30000000000000004,1172.5
1247,2.5,1.1,0.4,1009.5
1248,2.5,1.1,0.5,907.5
1249,2.5,1.1,0.6000000000000001,1014.0
1250,2.5,1.1,0.7000000000000001,933.5
1251,2.5,1.1,0.8,802.5
1252,2.5,1.1,0.9,771.5
1253,2.5,1.1,1.0,808.5
1254,2.5,1.3,0.0,1506.0
1255,2.5,1.3,0.1,1114.0
1256,2.5,1.3,0.2,1256.0
1257,2.5,1.3,0.30000000000000004,1164.0
1258,2.5,1.3,0.4,1028.5
1259,2.5,1.3,0.5,934.5
1260,2.5,1.3,0.6000000000000001,1077.5
1261,2.5,1.3,0.7000000000000001,842.0
1262,2.5,1.3,0.8,736.0
1263,2.5,1.3,0.9,728.0
1264,2.5,1.3,1.0,839.5
1265,2.5,1.5,0.0,1478.5
1266,2.5,1.5,0.1,1129.0
1267,2.5,1.5,0.2,1313.0
1268,2.5,1.5,0.30000000000000004,1221.0
1269,2.5,1.5,0.4,1085.5
1270,2.5,1.5,0.5,991.5
1271,2.5,1.5,0.6000000000000001,1004.0
1272,2.5,1.5,0.7000000000000001,784.5
1273,2.5,1.5,0.8,713.5
1274,2.5,1.5,0.9,683.5
1275,2.5,1.5,1.0,648.5
1276,2.5,1.7000000000000002,0.0,1518.5
1277,2.5,1.7000000000000002,0.1,1162.0
1278,2.5,1.7000000000000002,0.2,1309.5
1279,2.5,1.7000000000000002,0.30000000000000004,1217.5
1280,2.5,1.7000000000000002,0.4,1082.0
1281,2.5,1.7000000000000002,0.5,988.0
1282,2.5,1.7000000000000002,0.6000000000000001,1000.5
1283,2.5,1.7000000000000002,0.7000000000000001,781.0
1284,2.5,1.7000000000000002,0.8,710.0
1285,2.5,1.7000000000000002,0.9,621.0
1286,2.5,1.7000000000000002,1.0,557.5
1287,2.5,1.9000000000000001,0.0,1249.0
1288,2.5,1.9000000000000001,0.1,864.0
1289,2.5,1.9000000000000001,0.2,925.5
1290,2.5,1.9000000000000001,0.30000000000000004,860.0
1291,2.5,1.9000000000000001,0.4,772.5
1292,2.5,1.9000000000000001,0.5,678.0
1293,2.5,1.9000000000000001,0.6000000000000001,705.0
1294,2.5,1.9000000000000001,0.7000000000000001,661.5
1295,2.5,1.9000000000000001,0.8,591.5
1296,2.5,1.9000000000000001,0.9,501.5
1297,2.5,1.9000000000000001,1.0,398.0
1298,2.5,2.1,0.0,-31.5
1299,2.5,2.1,0.1,535.5
1300,2.5,2.1,0.2,524.5
1301,2.5,2.1,0.30000000000000004,495.0
1302,2.5,2.1,0.4,437.5
1303,2.5,2.1,0.5,392.0
1304,2.5,2.1,0.6000000000000001,491.5
1305,2.5,2.1,0.7000000000000001,466.5
1306,2.5,2.1,0.8,412.0
1307,2.5,2.1,0.9,397.0
1308,2.5,2.1,1.0,367.0
1309,2.5,2.3,0.0,-172.0
1310,2.5,2.3,0.1,472.0
1311,2.5,2.3,0.2,453.0
1312,2.5,2.3,0.30000000000000004,431.5
1313,2.5,2.3,0.4,411.0
1314,2.5,2.3,0.5,364.5
1315,2.5,2.3,0.6000000000000001,449.0
1316,2.5,2.3,0.7000000000000001,426.0
1317,2.5,2.3,0.8,383.5
1318,2.5,2.3,0.9,359.5
1319,2.5,2.3,1.0,307.5
1320,2.5,2.5,0.0,-440.5
1321,2.5,2.5,0.1,242.0
1322,2.5,2.5,0.2,244.5
1323,2.5,2.5,0.30000000000000004,230.5
1324,2.5,2.5,0.4,210.0
1325,2.5,2.5,0.5,182.5
1326,2.5,2.5,0.6000000000000001,228.0
1327,2.5,2.5,0.7000000000000001,215.5
1328,2.5,2.5,0.8,188.5
1329,2.5,2.5,0.9,181.0
1330,2.5,2.5,1.0,169.0
